0.002
0
0
0
0
0
0
0.003
0.003
0
0
0
0.001
0.031
0.058
0.007
0
0.035
0
0.013
0.001
0.001
0
0.018
0.001
0
0
0
0
0
0
0
0
0
0
0.049
0.01
0
0.003
0.007
0
0.032
0.008
0.001
0.003
0.005
0.002
0.003
0.009
0
0.005
0.001
0.007
0
0
0
0
0.003
0
0
0.009
0.017
0.002
0
0
0.029
0
0.003
0.022
0.013
0
0
0.012
0.051
0
0.039
0
0
0
0
0.002
0.002
0
0.011
0.001
0.017
0
0
0
0.013
0.02
0.006
0
0
0.033
0.014
0
0
0
0.002
0
0
0
0.033
0
0.003
0
0.001
0
0
0
0.008
0.001
0.021
0.02
0
0
0
0.006
0
0.005
0.034
0
0
0
0
0.001
0
0
0
0
0.002
0.019
0
0.008
0
0.001
0
0
0
0
0
0
0
0
0
0
0
0
0
0
0
0
0
0.001
0.001
0.041
0.031
0
0
0
0
0
0
0.005
0
0
0.003
0
0
0
0
0
0
0
0
0
0
0.003
0
0
0
0
0
0
0
0
0
0.007
0
0.015
0
0
0
0.003
0.007
0
0
0
0
0
0
0
0
0
0.011
0
0
0
0
0
0
0.011
0.002
0
0
0
0
0.003
0
0
0
0
0
0
0
0
0
0
0
0
0
0
0
0
0
0
0
0
0
0
0
0
0
0
0
0
0
0
0
0
0
0
0
0
0
0
0
0
0
0
0.001
0
0
0
0
0
0
0
0
0
0
0
0
0
0
0
0
0
0
0
0
0
0
0
0
0
0
0
0
0
0
0
0
0
0
0
0
0
0
0
0
0.002
0.001
0
0
0
0
0
0
0
0
0
0
0
0
0.007
0
0.021
0
0.005
0.002
0.006
0.001
0
0.008
0.046
0.009
0
0.031
0
0
0.019
0
0.013
0
0
0
0
0
0
0.002
0
0.025
0
0.064
0
0
0
0.006
0
0
0.002
0
0.003
0
0
0.002
0
0
0
0.001
0
0.005
0
